Pinged your deployment. You successfully connected to MongoDB!
Trying to fetch latent semantics....
101
num of odd images  135
[25] [0]
[2] [0]
[2] [0]
[23] [0]
[81] [0]
[2] [0]
[5] [0]
[81] [0]
[2] [0]
[2] [0]
[81] [0]
[1] [0]
[55] [0]
[0] [0]
[1] [0]
[1] [0]
[1] [0]
[2] [0]
[2] [0]
[44] [0]
[81] [0]
[25] [0]
[23] [0]
[81] [0]
[1] [0]
[1] [0]
[0] [0]
[0] [0]
[1] [0]
[0] [0]
[23] [0]
[32] [0]
[0] [0]
[1] [0]
[81] [0]
[2] [0]
[2] [0]
[81] [0]
[2] [0]
[81] [0]
[81] [0]
[81] [0]
[0] [0]
[2] [0]
[0] [0]
[25] [0]
[0] [0]
[23] [0]
[25] [0]
[28] [0]
[1] [0]
[0] [0]
[5] [0]
[47] [0]
[0] [0]
[1] [0]
[25] [0]
[2] [0]
[2] [0]
[2] [0]
[2] [0]
[2] [0]
[2] [0]
[0] [0]
[2] [0]
[2] [0]
[54] [0]
[1] [0]
[79] [0]
[81] [0]
[79] [0]
[1] [0]
[0] [0]
[81] [0]
[2] [0]
[81] [0]
[0] [0]
[81] [0]
[79] [0]
[81] [0]
[81] [0]
[0] [0]
[1] [0]
[25] [0]
[23] [0]
[81] [0]
[2] [0]
[81] [0]
[2] [0]
[79] [0]
[25] [0]
[25] [0]
[0] [0]
[79] [0]
[2] [0]
[2] [0]
[23] [0]
[0] [0]
[1] [0]
[81] [0]
[55] [0]
[1] [0]
[1] [0]
[1] [0]
[23] [0]
[0] [0]
[1] [0]
[0] [0]
[25] [0]
[0] [0]
[1] [0]
[23] [0]
[0] [0]
[0] [0]
[0] [0]
[0] [0]
[0] [0]
[2] [0]
[25] [0]
[47] [0]
[81] [0]
[2] [0]
[0] [0]
[55] [0]
[23] [0]
[25] [0]
[2] [0]
[0] [0]
[5] [0]
[79] [0]
[25] [0]
[1] [0]
[81] [0]
[0] [0]
[0] [0]
