
# ID2501, L1, H1, [6, 28, 56, 64, 74, 84, 92, 106, 122, 126, 162, 166, 182, 216, 278, 284, 286, 300, 322, 348, 376, 400, 402, 410, 414, 426, 434, 444, 446, 470, 472, 474, 488, 490, 536, 578, 580, 584, 598, 618, 626, 656, 662, 664, 672, 688, 692, 694, 696, 712, 720, 722, 728, 744, 746, 750, 770, 822, 846, 852, 858, 1112, 1162, 1200, 1206, 1214, 1240, 1254, 1262, 1272, 1288, 1324, 1332, 1352, 1354, 1356, 1394, 1404, 1416, 1418, 1422, 1432, 1440, 1442, 1450, 1468, 1484, 1498, 1542, 1550, 1566, 1572, 1594, 1608, 1642, 1650, 1676, 1678, 1700, 1714]
# ID2501, L3, H3, [498, 1430, 1504, 1658, 1892, 2246, 4830, 5974, 6418, 7978, 8160, 884, 1036, 1186, 1554, 1644, 2156, 2290, 7312, 1540, 1670, 1792, 2594, 3012, 5352]
# ID2501, L10, H10, []
# ID2501, L10, H3, [400, 742, 1354, 1502, 1890, 2000, 2032, 2048, 2938, 3218, 3510, 3646, 3968, 4436, 4676, 4732, 5694, 5812, 7136, 7290, 7326, 7370, 8284, 8294, 912, 2536, 2500, 7194, 1244, 2540, 6868, 8248, 1410, 1066, 1732, 2376, 2418, 5020, 5396, 6306, 6732, 6946, 1108, 1528, 3844, 4192, 4306, 5078, 5098, 5214, 5260, 56, 1578, 1876, 2866, 2978, 3054, 3250, 3372, 3376, 4132, 5820, 184, 284, 1804, 2102, 2282, 2530, 2540, 2586, 2614, 2698, 3386, 4012, 4164, 4356, 4564, 5622, 5648, 6044, 6354, 6390, 6418, 6554, 7482, 8142]
# ID2501, L20, H4, [8014, 3022, 6814, 1520, 5568, 7850, 10, 902, 2588, 1032, 3416, 2012, 2412, 3462, 5224]
# ID2501, L14, H4, [1482, 6788, 1160, 2514, 972, 3898, 5752, 6670, 4694, 416, 1346, 1842, 2618, 3766, 4092, 7014, 704, 6092]
# ID2501, L16, H4, [2540, 5346, 68, 8032, 1034, 6352, 372, 3252, 4414, 3696, 1916]
# ID2501, L16, H6, [2540, 5346, 68, 8032, 1034, 6352, 372, 3252, 4414, 3696, 1916]
# ID2501, L16, H2, [44, 1660, 2352, 2574, 2594, 3770, 4792, 5846, 6736, 6744, 7394, 7782, 7830, 8012, 50, 314, 508, 686, 838, 876, 958, 990, 994, 1070, 1088, 1128, 1194, 1414, 1510, 1534, 1668, 1688, 1784, 1868, 2122, 2242, 2270, 2298, 2314, 2378, 2380, 2400, 2470, 2480, 2532, 2538, 2600, 2640, 2660, 2952, 2958, 3102, 3258, 3322, 3346, 3482, 3564, 3704, 3792, 3856, 3910, 3972, 4064, 4148, 4160, 4336, 4356, 4382, 4496, 4568, 4680, 4700, 4734, 4868, 4882, 4930, 4994, 5108, 5154, 5172, 5188, 5258, 5368, 5394, 5490, 5686, 5772, 5856, 5908, 5910, 6090, 6554, 6808, 6840, 6842, 6880, 6966, 6974, 7212, 7214]
# ID2501, L20, H2, [36, 52, 140, 170, 242, 254, 302, 326, 334, 1218, 1524, 1620, 1856, 1948, 2028, 2424, 2428, 2660, 2814, 2836, 4430, 4434, 5402, 5866, 5908, 6332, 6794, 7008, 7172, 7230, 7266, 8008, 8234, 18, 200, 292, 356, 358, 362, 398, 408, 412, 418, 426, 590, 656, 732, 760, 812, 884, 928, 946, 952, 956, 988, 1004, 1010, 1038, 1196, 1804, 1834, 1940, 2080, 2092, 2130, 2150, 2192, 2214, 2326, 2476, 2546, 2588, 2618, 2704, 2722, 2724, 2740, 2746, 2808, 2842, 2856, 2946, 2986, 3192, 3206, 3348, 3362, 3462, 3558, 3604, 3760, 3786, 3904, 3940, 3948, 3956, 3978, 4022, 4080, 4232]